#	millis	temp	humid	pres	CO2	micdig	micana
1	962	11.04	66.24	101226.14	410	0	579.00
2	6000	11.11	66.04	101226.19	410	0	578.00
3	11039	11.12	65.69	101224.38	410	0	578.00
4	16077	11.14	65.16	101220.97	410	0	578.00
5	21115	11.15	65.02	101228.67	410	0	578.00
6	26155	11.15	65.28	101225.51	410	0	578.00
7	31193	11.17	66.68	101229.78	410	0	578.00
8	36231	11.18	67.48	101228.72	887	0	578.00
9	41270	11.19	68.18	101225.31	887	0	577.00
10	46308	11.20	69.53	101226.93	887	0	578.00
11	51351	11.19	69.68	101220.80	887	0	578.00
12	56390	11.20	69.12	101218.41	887	0	578.00
13	61428	11.20	68.92	101218.25	887	0	578.00
14	66467	11.21	68.27	101215.89	887	0	578.00
15	71505	11.22	68.29	101218.98	887	0	578.00
16	76544	11.22	68.56	101220.42	887	0	578.00
17	81583	11.22	68.53	101222.30	887	0	577.00
18	86621	11.22	68.57	101216.82	887	0	577.00
19	91660	11.23	68.20	101224.80	887	0	578.00
20	96698	11.23	68.62	101226.36	887	0	578.00
21	101736	11.24	69.11	101220.18	887	0	578.00
22	106775	11.24	69.14	101223.25	887	0	578.00
23	111818	11.23	69.12	101224.25	887	0	578.00
24	116856	11.23	68.61	101218.39	887	0	578.00
25	121895	11.23	68.63	101222.82	887	0	578.00
26	126934	11.23	68.39	101220.92	887	0	578.00
27	131973	11.23	68.53	101222.05	887	0	577.00
28	137011	11.24	68.40	101224.32	887	0	578.00
29	142050	11.24	68.74	101225.34	887	0	577.00
30	147088	11.24	68.74	101218.04	887	0	578.00
31	152127	11.24	68.41	101218.96	887	0	578.00
32	157165	11.23	68.34	101220.17	887	0	577.00
33	162204	11.22	69.09	101220.42	887	0	578.00
34	167247	11.22	69.60	101223.17	887	0	578.00
35	172285	11.23	68.89	101227.05	886	0	587.00
36	177325	11.23	68.66	101222.10	884	0	585.00
37	182363	11.23	68.39	101221.25	875	0	584.00
38	187402	11.22	69.09	101219.67	860	0	583.00
39	192440	11.21	69.00	101222.24	842	0	582.00
40	197479	11.22	68.66	101219.08	830	0	582.00
41	202517	11.21	68.85	101224.01	817	0	581.00
42	207555	11.21	69.12	101218.42	804	0	581.00
43	212594	11.20	69.52	101227.48	797	0	581.00
44	217632	11.21	69.49	101217.02	784	0	581.00
45	222676	11.20	69.56	101223.46	777	0	581.00
46	227715	11.21	69.45	101221.42	788	0	581.00
47	232753	11.21	69.58	101222.22	775	0	581.00
48	237792	11.20	69.60	101220.07	768	0	578.00
49	242830	11.22	69.35	101219.52	761	0	578.00
50	247869	11.22	68.74	101221.56	755	0	578.00
51	252907	11.23	68.47	101219.75	748	0	578.00
52	257946	11.23	68.88	101221.68	741	0	578.00
53	262984	11.23	68.83	101221.30	734	0	578.00
54	268023	11.23	68.79	101220.12	727	0	578.00
55	273061	11.24	68.63	101219.54	720	0	577.00
56	278105	11.22	69.07	101216.40	714	0	578.00
57	283144	11.23	68.41	101221.94	708	0	578.00
58	288182	11.23	68.53	101220.17	702	0	578.00
59	293221	11.23	69.64	101220.97	696	0	577.00
60	298259	11.22	69.43	101221.44	691	0	578.00
61	303298	11.22	69.11	101220.91	686	0	578.00
62	308336	11.22	68.98	101218.92	683	0	578.00
63	313375	11.22	69.21	101220.05	680	0	578.00
64	318413	11.22	68.74	101223.97	678	0	578.00
65	323451	11.22	68.61	101220.00	677	0	578.00
66	328491	11.24	68.73	101223.41	675	0	578.00
67	333534	11.24	68.77	101221.26	674	0	578.00
68	338572	11.23	68.63	101216.21	673	0	578.00
69	343611	11.23	68.97	101217.33	672	0	578.00
70	348649	11.24	68.97	101218.09	671	0	578.00
71	353688	11.23	69.33	101220.56	670	0	577.00
72	358726	11.23	69.36	101219.32	668	0	578.00
73	363765	11.23	69.55	101217.11	667	0	578.00
74	368803	11.24	69.28	101218.09	666	0	578.00
75	373841	11.23	69.40	101217.33	665	0	578.00
76	378881	11.23	69.09	101218.61	663	0	578.00
77	383919	11.23	69.35	101221.67	662	0	578.00
78	388962	11.23	69.20	101221.52	661	0	578.00
79	394001	11.24	68.55	101220.61	660	0	578.00
80	399039	11.24	68.27	101217.50	658	0	578.00
81	404078	11.24	68.29	101218.10	657	0	578.00
82	409116	11.24	68.37	101218.27	656	0	578.00
83	414155	11.25	68.42	101221.00	654	0	577.00
84	419193	11.25	68.86	101220.21	653	0	578.00
85	424231	11.26	67.85	101220.69	652	0	578.00
86	429271	11.26	68.16	101223.00	651	0	578.00
87	434309	11.25	68.42	101225.51	650	0	578.00
88	439348	11.26	68.17	101223.21	648	0	578.00
89	444386	11.26	68.78	101221.33	647	0	577.00
90	449429	11.26	68.77	101218.22	646	0	577.00
91	454468	11.26	69.13	101216.71	645	0	577.00
92	459506	11.26	69.24	101222.78	644	0	578.00
93	464545	11.26	69.22	101223.86	643	0	578.00
94	469583	11.27	69.19	101216.41	642	0	578.00
95	474621	11.26	68.80	101219.99	641	0	578.00
96	479661	11.26	69.23	101218.64	640	0	578.00
97	484699	11.26	69.30	101218.00	639	0	578.00
98	489738	11.25	68.97	101221.71	638	0	578.00
99	494776	11.24	69.20	101218.91	638	0	578.00
100	499815	11.23	69.35	101219.53	638	0	578.00
101	504858	11.22	69.30	101216.45	638	0	577.00
102	509896	11.22	69.04	101217.19	638	0	578.00
103	514935	11.22	68.75	101216.71	637	0	578.00
104	519973	11.21	68.18	101221.27	636	0	578.00
105	525026	11.22	68.43	101217.90	635	0	578.00
106	530064	11.22	68.49	101216.55	635	0	578.00
107	535103	11.21	68.78	101216.11	634	0	578.00
108	540141	11.22	68.84	101216.72	633	0	578.00
109	545180	11.22	68.70	101215.85	633	0	578.00
110	550218	11.21	68.63	101215.94	632	0	578.00
111	555257	11.20	68.47	101217.33	632	0	578.00
112	560311	11.20	68.89	101217.42	631	0	578.00
113	565350	11.20	68.84	101213.67	631	0	578.00
114	570388	11.21	68.45	101215.30	630	0	578.00
115	575427	11.21	68.30	101217.94	630	0	578.00
116	580465	11.21	68.41	101214.71	630	0	578.00
117	585504	11.22	67.82	101215.85	630	0	578.00
118	590542	11.22	68.10	101214.19	630	0	577.00
119	595581	11.22	68.77	101213.64	629	0	577.00
120	600620	11.23	68.77	101215.22	629	0	578.00
121	605659	11.23	68.40	101218.35	628	0	578.00
122	610697	11.23	68.11	101213.46	628	0	577.00
123	615741	11.23	69.21	101213.72	627	0	578.00
124	620779	11.24	69.17	101215.14	627	0	578.00
125	625818	11.24	69.05	101215.78	626	0	578.00
126	630856	11.24	68.91	101215.78	625	0	578.00
127	635895	11.23	68.55	101214.27	625	0	577.00
128	640933	11.23	68.60	101216.35	624	0	578.00
129	645972	11.22	69.40	101212.42	624	0	578.00
130	651011	11.21	69.69	101214.35	624	0	578.00
131	656049	11.21	69.86	101218.42	624	0	578.00
132	661088	11.22	70.22	101216.66	625	0	578.00
133	666131	11.23	69.96	101212.81	625	0	577.00
134	671170	11.23	69.33	101212.97	625	0	578.00
135	676208	11.22	69.71	101210.65	625	0	578.00
136	681247	11.23	68.76	101213.29	624	0	578.00
137	686285	11.22	68.46	101215.92	624	0	578.00
138	691324	11.22	68.49	101211.94	625	0	578.00
139	696363	11.23	69.44	101218.13	625	0	578.00
140	701402	11.23	69.33	101212.81	624	0	578.00
141	706440	11.22	69.18	101216.08	624	0	578.00
142	711479	11.22	69.34	101212.91	624	0	578.00
143	716517	11.23	69.30	101213.40	623	0	578.00
144	721560	11.23	69.06	101210.89	623	0	578.00
145	726599	11.24	69.20	101212.03	622	0	578.00
146	731637	11.23	69.06	101211.26	622	0	578.00
147	736676	11.24	68.91	101211.11	622	0	578.00
148	741714	11.23	69.27	101212.82	622	0	577.00
149	746754	11.23	69.47	101212.64	622	0	578.00
150	751792	11.24	68.77	101209.07	621	0	578.00
151	756831	11.24	68.63	101212.72	621	0	578.00
152	761869	11.24	68.23	101214.86	621	0	578.00
153	766908	11.23	67.93	101206.86	620	0	578.00
154	771946	11.23	69.17	101204.60	619	0	578.00
155	777027	11.24	68.77	101205.96	619	0	578.00
156	782065	11.25	68.97	101211.92	618	0	578.00
157	787104	11.25	68.84	101209.52	618	0	578.00
158	792142	11.24	68.87	101210.42	618	0	578.00
159	797181	11.24	68.82	101211.22	618	0	578.00
160	802221	11.23	68.72	101204.59	617	0	578.00
161	807259	11.22	69.06	101205.60	617	0	578.00
162	812298	11.22	68.77	101209.09	616	0	578.00
163	817336	11.21	69.54	101211.71	616	0	578.00
164	822375	11.22	69.12	101211.89	615	0	578.00
165	827414	11.21	69.56	101207.95	615	0	578.00
166	832457	11.22	69.53	101211.18	614	0	578.00
167	837495	11.21	69.85	101205.64	613	0	578.00
168	842534	11.22	69.64	101210.92	613	0	578.00
169	847574	11.21	69.66	101206.13	612	0	578.00
170	852612	11.20	69.92	101208.78	612	0	578.00
171	857651	11.20	69.88	101209.86	611	0	578.00
172	862689	11.21	69.74	101210.57	611	0	578.00
173	867728	11.19	70.02	101210.75	611	0	578.00
174	872766	11.19	69.48	101210.07	611	0	578.00
175	877805	11.21	68.99	101209.66	611	0	578.00
176	882844	11.19	69.67	101211.61	611	0	578.00
177	887887	11.19	69.51	101207.64	611	0	578.00
178	892925	11.17	69.53	101208.68	610	0	578.00
179	897965	11.18	69.13	101208.81	610	0	578.00
180	903004	11.17	69.61	101210.78	610	0	578.00
181	908042	11.17	69.60	101211.26	611	0	578.00
182	913081	11.17	69.65	101208.36	611	0	578.00
183	918119	11.18	70.06	101210.63	611	0	578.00
184	923158	11.18	69.64	101210.89	611	0	578.00
185	928196	11.17	69.84	101211.10	611	0	578.00
186	933235	11.17	70.54	101212.97	610	0	578.00
187	938274	11.18	70.22	101210.94	610	0	578.00
188	943318	11.17	70.05	101211.03	610	0	578.00
189	948356	11.17	70.14	101210.62	609	0	578.00
190	953395	11.19	69.48	101204.63	609	0	578.00
191	958434	11.19	69.07	101207.86	609	0	578.00
192	963472	11.20	68.63	101205.35	609	0	578.00
193	968511	11.19	68.73	101207.10	610	0	578.00
194	973549	11.18	69.09	101209.12	610	0	578.00
195	978588	11.18	68.96	101215.10	610	0	578.00
196	983627	11.19	69.16	101209.08	610	0	578.00
197	988665	11.18	69.21	101207.36	610	0	578.00
198	993704	11.18	69.67	101207.52	610	0	578.00
199	998748	11.17	69.63	101207.77	609	0	578.00
200	1003786	11.17	69.84	101209.17	609	0	578.00
201	1008825	11.17	70.38	101214.75	609	0	578.00
202	1013864	11.17	69.85	101210.77	609	0	578.00
203	1018902	11.17	69.89	101209.42	609	0	578.00
204	1023941	11.18	71.06	101203.64	609	0	578.00
205	1028980	11.17	71.13	101210.67	609	0	578.00
206	1034018	11.18	70.91	101213.74	609	0	578.00
207	1039057	11.17	70.32	101219.36	609	0	577.00
208	1044097	11.17	70.57	101234.40	610	0	577.00
209	1049139	11.16	71.14	101242.88	610	0	578.00
210	1054178	11.17	70.79	101244.88	611	0	578.00
211	1059217	11.18	71.06	101244.72	611	0	578.00
212	1064256	11.19	70.86	101246.14	611	0	578.00
213	1069294	11.18	71.72	101249.78	611	0	578.00
214	1074333	11.18	71.50	101265.69	611	0	578.00
215	1079371	11.19	71.73	101265.80	611	0	578.00
216	1084410	11.19	71.66	101272.42	611	0	578.00
217	1089449	11.19	71.59	101267.52	611	0	578.00
218	1094488	11.18	71.28	101258.75	611	0	578.00
219	1099527	11.16	70.97	101264.72	611	0	578.00
220	1104570	11.11	71.27	101266.02	612	0	578.00
221	1109609	11.09	71.08	101266.92	613	0	578.00
222	1114647	11.10	71.30	101280.83	615	0	578.00
223	1119686	11.10	71.94	101286.80	615	0	578.00
224	1124725	11.10	71.96	101285.25	615	0	578.00
225	1129763	11.08	72.06	101278.08	614	0	578.00
226	1134816	11.09	71.51	101280.60	615	0	578.00
227	1139855	11.09	71.21	101273.73	616	0	578.00
228	1144893	11.07	71.05	101271.99	618	0	578.00
229	1149932	11.06	71.19	101269.61	623	0	578.00
230	1154971	11.03	71.71	101273.85	629	0	578.00
231	1160025	11.03	71.83	101272.46	628	0	577.00
232	1165064	11.03	71.83	101276.11	628	0	577.00
233	1170102	11.00	72.22	101277.82	628	0	577.00
