#	millis	temp	humid	pres	CO2	micdig	micana
1	958	12.54	61.67	101225.64	410	0	579.00
2	5994	12.58	61.72	101230.75	410	0	578.00
3	11030	12.57	61.87	101230.74	410	0	578.00
4	16066	12.57	61.45	101232.67	410	0	578.00
5	21103	12.55	61.39	101236.10	716	0	578.00
6	26139	12.54	62.12	101231.14	716	0	578.00
7	31175	12.53	61.80	101230.53	716	0	578.00
8	36211	12.53	62.06	101226.38	716	0	578.00
9	41248	12.53	61.94	101226.49	716	0	578.00
10	46284	12.52	61.81	101218.57	716	0	578.00
11	51320	12.52	61.16	101221.85	716	0	578.00
12	56361	12.49	61.73	101220.25	716	0	578.00
13	61398	12.48	62.22	101225.13	716	0	578.00
14	66434	12.48	61.88	101226.16	716	0	578.00
15	71471	12.46	62.73	101223.99	716	0	578.00
16	76507	12.45	63.25	101225.47	716	0	578.00
17	81543	12.46	62.57	101226.88	716	0	578.00
18	86580	12.45	62.61	101234.35	716	0	578.00
19	91616	12.43	62.25	101230.08	716	0	578.00
20	96652	12.41	62.78	101230.46	716	0	578.00
21	101688	12.39	63.14	101225.03	716	0	578.00
22	106725	12.38	62.89	101228.85	716	0	578.00
23	111766	12.36	63.24	101222.79	716	0	578.00
24	116802	12.33	63.46	101225.39	716	0	578.00
25	121838	12.33	63.12	101227.42	716	0	578.00
26	126874	12.31	63.51	101234.29	716	0	578.00
27	131911	12.31	63.34	101228.60	716	0	578.00
28	136947	12.29	63.72	101224.10	716	0	578.00
29	141983	12.28	63.49	101224.84	716	0	578.00
30	147020	12.26	63.94	101219.42	716	0	578.00
31	152056	12.24	64.01	101215.60	716	0	578.00
32	157092	12.23	63.87	101226.99	716	0	578.00
33	162129	12.23	63.71	101227.80	716	0	578.00
34	167171	12.23	63.42	101226.57	716	0	577.00
35	172207	12.22	63.09	101227.67	716	0	577.00
36	177243	12.22	63.34	101227.08	716	0	577.00
37	182279	12.21	63.13	101223.85	716	0	578.00
38	187316	12.20	63.29	101227.17	716	0	578.00
39	192352	12.20	62.86	101224.75	716	0	578.00
40	197388	12.18	63.73	101227.67	716	0	578.00
41	202425	12.17	63.75	101225.30	716	0	577.00
42	207461	12.17	63.05	101224.01	716	0	577.00
43	212497	12.16	63.14	101226.47	716	0	578.00
44	217534	12.16	63.27	101225.60	716	0	578.00
45	222574	12.16	63.21	101217.53	716	0	578.00
46	227611	12.14	63.57	101230.91	716	0	578.00
47	232647	12.14	63.54	101223.26	716	0	578.00
48	237683	12.13	63.12	101227.28	716	0	577.00
49	242720	12.13	63.02	101224.43	716	0	578.00
50	247770	12.13	62.95	101225.78	716	0	578.00
51	252806	12.13	63.26	101224.80	715	0	578.00
52	257843	12.12	63.18	101221.61	715	0	578.00
53	262879	12.12	62.96	101220.75	714	0	578.00
54	267915	12.12	62.29	101228.02	714	0	578.00
55	272952	12.10	63.04	101226.92	713	0	578.00
56	277988	12.10	63.58	101227.02	712	0	578.00
57	283029	12.09	63.49	101225.41	712	0	578.00
58	288065	12.08	63.48	101227.71	711	0	578.00
59	293102	12.08	63.39	101230.77	710	0	578.00
60	298138	12.07	63.51	101230.60	709	0	578.00
61	303174	12.06	62.87	101231.07	708	0	578.00
62	308211	12.04	63.90	101220.57	707	0	578.00
63	313247	12.03	64.11	101229.74	706	0	578.00
64	318283	12.02	64.12	101227.03	705	0	578.00
65	323319	12.02	63.90	101224.18	704	0	578.00
66	328356	12.02	63.23	101221.87	703	0	578.00
67	333392	12.01	63.86	101218.58	702	0	578.00
68	338434	12.01	64.38	101221.75	701	0	578.00
69	343470	12.00	64.07	101229.10	700	0	577.00
70	348507	12.00	63.44	101228.08	699	0	578.00
71	353543	11.99	63.13	101229.14	698	0	578.00
72	358579	11.98	64.00	101228.80	696	0	578.00
73	363615	11.98	63.91	101232.24	695	0	577.00
74	368652	11.97	64.44	101230.08	694	0	578.00
75	373688	11.97	64.09	101227.28	692	0	577.00
76	378724	11.95	64.36	101226.50	691	0	577.00
77	383761	11.95	63.72	101225.74	689	0	578.00
78	388797	11.95	63.79	101220.05	688	0	578.00
79	393838	11.95	63.68	101225.05	687	0	577.00
80	398874	11.94	63.62	101222.08	685	0	578.00
81	403910	11.93	64.19	101231.89	684	0	577.00
82	408947	11.93	63.42	101222.06	683	0	577.00
83	413983	11.92	63.11	101208.67	681	0	578.00
84	419019	11.91	63.28	101221.89	680	0	578.00
85	424056	11.90	63.89	101216.18	679	0	577.00
86	429092	11.90	63.93	101219.57	678	0	577.00
87	434128	11.91	63.87	101217.42	676	0	578.00
88	439164	11.89	64.20	101216.75	675	0	578.00
89	444201	11.88	64.58	101225.13	674	0	578.00
90	449243	11.87	64.41	101220.64	673	0	578.00
91	454279	11.86	64.91	101219.34	671	0	578.00
92	459315	11.86	64.56	101223.21	670	0	578.00
93	464352	11.85	64.84	101209.75	669	0	578.00
94	469388	11.84	65.03	101219.42	668	0	578.00
95	474424	11.84	64.53	101218.35	668	0	578.00
96	479460	11.84	64.96	101223.19	667	0	578.00
97	484497	11.84	64.74	101220.92	667	0	578.00
98	489533	11.84	64.86	101226.24	667	0	578.00
99	494569	11.83	64.28	101222.58	667	0	578.00
100	499606	11.83	64.47	101220.05	666	0	578.00
101	504647	11.82	65.50	101213.64	666	0	578.00
102	509683	11.81	65.32	101217.17	666	0	578.00
103	514719	11.80	65.72	101220.21	665	0	578.00
104	519756	11.79	65.26	101221.00	665	0	578.00
105	524792	11.79	65.37	101216.82	665	0	577.00
106	529828	11.78	65.43	101221.22	664	0	578.00
107	534865	11.78	65.35	101220.14	663	0	578.00
108	539901	11.78	65.07	101219.50	662	0	578.00
109	544937	11.78	64.67	101219.77	662	0	578.00
110	549975	11.79	63.81	101216.06	661	0	578.00
111	555021	11.78	64.68	101211.33	660	0	578.00
112	560062	11.78	64.72	101220.85	659	0	578.00
113	565099	11.78	64.68	101216.33	659	0	578.00
114	570135	11.77	65.26	101217.07	658	0	578.00
115	575171	11.77	65.16	101219.05	658	0	578.00
116	580208	11.76	65.93	101215.82	658	0	578.00
117	585244	11.75	66.13	101221.05	658	0	578.00
118	590280	11.73	66.43	101222.30	658	0	578.00
119	595317	11.73	66.13	101220.41	657	0	578.00
120	600353	11.73	66.27	101219.83	656	0	578.00
121	605390	11.72	66.39	101221.59	656	0	578.00
122	610426	11.72	65.77	101219.75	655	0	578.00
123	615468	11.71	66.20	101222.21	655	0	577.00
124	620504	11.71	66.28	101221.67	654	0	578.00
125	625541	11.71	65.77	101221.84	654	0	578.00
126	630577	11.71	65.86	101222.10	654	0	578.00
127	635613	11.70	65.66	101215.32	654	0	578.00
128	640650	11.69	65.96	101218.47	653	0	578.00
129	645686	11.70	65.37	101219.67	653	0	578.00
130	650722	11.69	66.38	101217.72	653	0	578.00
131	655759	11.69	65.88	101222.88	653	0	578.00
132	660795	11.67	66.59	101215.75	654	0	578.00
133	665831	11.67	65.54	101216.46	654	0	578.00
134	670872	11.67	66.20	101216.35	654	0	578.00
135	675909	11.67	65.99	101216.61	654	0	578.00
136	680945	11.66	65.96	101216.17	654	0	578.00
137	685982	11.67	65.39	101219.78	655	0	578.00
138	691018	11.67	65.87	101217.41	654	0	578.00
139	696054	11.66	66.13	101219.55	654	0	577.00
140	701091	11.64	66.27	101215.12	655	0	578.00
141	706127	11.64	66.06	101215.92	654	0	578.00
142	711163	11.64	66.46	101228.17	653	0	578.00
143	716200	11.65	66.12	101219.42	653	0	578.00
144	721236	11.64	66.30	101221.88	653	0	578.00
145	726278	11.63	66.48	101217.74	653	0	578.00
146	731314	11.63	66.31	101223.69	652	0	578.00
147	736351	11.64	66.20	101222.47	651	0	577.00
148	741387	11.63	66.58	101224.07	650	0	578.00
149	746424	11.63	66.18	101223.00	650	0	577.00
150	751460	11.63	66.07	101220.30	650	0	578.00
151	756496	11.62	66.04	101221.16	649	0	577.00
152	761533	11.62	66.16	101218.57	649	0	578.00
153	766569	11.62	66.46	101221.69	648	0	578.00
154	771605	11.61	66.72	101220.82	647	0	578.00
155	776642	11.60	66.82	101221.67	647	0	578.00
156	781683	11.61	66.36	101216.41	646	0	578.00
157	786719	11.61	66.60	101215.71	647	0	578.00
158	791755	11.60	66.72	101217.21	647	0	578.00
159	796792	11.60	66.59	101212.89	648	0	577.00
160	801828	11.60	66.04	101217.80	648	0	578.00
161	806864	11.60	66.43	101214.24	649	0	578.00
162	811901	11.60	66.42	101221.49	649	0	578.00
163	816937	11.59	66.16	101224.12	649	0	578.00
164	821974	11.59	66.52	101223.80	649	0	578.00
165	827011	11.59	66.68	101218.21	649	0	578.00
166	832089	11.58	66.90	101226.07	650	0	578.00
167	837128	11.58	66.78	101220.72	650	0	578.00
168	842167	11.57	66.89	101217.17	650	0	578.00
169	847205	11.56	66.86	101222.52	651	0	578.00
170	852244	11.55	66.91	101217.46	651	0	578.00
171	857296	11.56	67.10	101227.36	651	0	578.00
172	862334	11.54	67.28	101222.28	651	0	577.00
173	867374	11.54	67.47	101227.81	651	0	577.00
174	872412	11.53	67.52	101227.86	651	0	577.00
175	877451	11.53	67.37	101224.94	652	0	577.00
176	882489	11.52	67.67	101221.60	652	0	578.00
177	887532	11.52	67.73	101228.38	653	0	586.00
178	892571	11.51	68.18	101225.46	653	0	584.00
179	897609	11.50	67.85	101229.74	654	0	583.00
180	902648	11.49	67.93	101228.91	654	0	583.00
181	907686	11.48	68.08	101232.00	654	0	582.00
